PESOS      : 4, 4, 3, 4, 1
VALORES    : 4, 4, 1, 3, 3
MAXIMO     : 16
SOLUCION FB: 1, 1, 1, 1, 1
SOLUCION PD: 1, 1, 1, 1, 1
SOLUCION AV: 1, 1, 1, 1, 1

PESOS      : 2, 1, 4, 2, 3
VALORES    : 2, 3, 3, 4, 2
MAXIMO     : 12
SOLUCION FB: 1, 1, 1, 1, 1
SOLUCION PD: 1, 1, 1, 1, 1
SOLUCION AV: 1, 1, 1, 1, 1

PESOS      : 1, 4, 4, 2, 4
VALORES    : 3, 1, 1, 3, 2
MAXIMO     : 7
SOLUCION FB: 1, 0, 0, 1, 1
SOLUCION PD: 1, 0, 0, 1, 1
SOLUCION AV: 1, 0, 0, 1, 1

PESOS      : 3, 4, 3, 1, 4
VALORES    : 2, 4, 4, 3, 3
MAXIMO     : 7
SOLUCION FB: 1, 0, 1, 1, 0
SOLUCION PD: 1, 0, 1, 1, 0
SOLUCION AV: 1, 0, 1, 1, 0

PESOS      : 4, 1, 2, 3, 3
VALORES    : 1, 2, 2, 1, 3
MAXIMO     : 4
SOLUCION FB: 0, 1, 0, 0, 1
SOLUCION PD: 0, 1, 0, 0, 1
SOLUCION AV: 0, 1, 0, 0, 1

PESOS      : 2, 4, 3, 3, 1
VALORES    : 3, 4, 2, 3, 1
MAXIMO     : 4
SOLUCION FB: 1, 0, 0, 0, 1
SOLUCION PD: 0, 1, 0, 0, 0
SOLUCION AV: 1, 0, 0, 0, 1

PESOS      : 3, 1, 1, 1, 2
VALORES    : 3, 4, 2, 4, 2
MAXIMO     : 2
SOLUCION FB: 0, 1, 0, 1, 0
SOLUCION PD: 0, 1, 0, 1, 0
SOLUCION AV: 0, 1, 0, 1, 0

PESOS      : 2, 4, 1, 4, 2
VALORES    : 1, 2, 4, 1, 3
MAXIMO     : 3
SOLUCION FB: 0, 0, 1, 0, 1
SOLUCION PD: 0, 0, 1, 0, 1
SOLUCION AV: 0, 0, 1, 0, 1

PESOS      : 2, 4, 1, 4, 1
VALORES    : 3, 4, 4, 3, 1
MAXIMO     : 2
SOLUCION FB: 0, 0, 1, 0, 1
SOLUCION PD: 0, 0, 1, 0, 1
SOLUCION AV: 0, 0, 1, 0, 1

PESOS      : 3, 3, 2, 3, 3
VALORES    : 3, 2, 1, 3, 4
MAXIMO     : 2
SOLUCION FB: 0, 0, 1, 0, 0
SOLUCION PD: 0, 0, 1, 0, 0
SOLUCION AV: 0, 0, 1, 0, 0

PESOS      : 4, 2, 1, 2, 4, 9, 1, 7, 1, 6
VALORES    : 8, 9, 4, 1, 2, 3, 5, 1, 1, 6
MAXIMO     : 37
SOLUCION FB: 1, 1, 1, 1, 1, 1, 1, 1, 1, 1
SOLUCION PD: 1, 1, 1, 1, 1, 1, 1, 1, 1, 1
SOLUCION AV: 1, 1, 1, 1, 1, 1, 1, 1, 1, 1

PESOS      : 8, 6, 3, 7, 3, 9, 9, 1, 1, 6
VALORES    : 9, 6, 4, 7, 4, 2, 4, 1, 9, 7
MAXIMO     : 53
SOLUCION FB: 1, 1, 1, 1, 1, 1, 1, 1, 1, 1
SOLUCION PD: 1, 1, 1, 1, 1, 1, 1, 1, 1, 1
SOLUCION AV: 1, 1, 1, 1, 1, 1, 1, 1, 1, 1

PESOS      : 3, 8, 2, 6, 8, 8, 7, 2, 8, 3
VALORES    : 9, 5, 6, 7, 4, 1, 1, 9, 3, 2
MAXIMO     : 27
SOLUCION FB: 1, 1, 1, 1, 0, 0, 0, 1, 0, 1
SOLUCION PD: 1, 1, 1, 1, 0, 0, 0, 1, 0, 1
SOLUCION AV: 1, 1, 1, 1, 0, 0, 0, 1, 0, 1

PESOS      : 9, 2, 4, 7, 2, 1, 4, 1, 2, 7
VALORES    : 2, 5, 5, 1, 7, 1, 3, 4, 6, 6
MAXIMO     : 19
SOLUCION FB: 0, 1, 1, 0, 1, 1, 0, 1, 1, 1
SOLUCION PD: 0, 1, 1, 0, 1, 1, 0, 1, 1, 1
SOLUCION AV: 0, 1, 1, 0, 1, 1, 0, 1, 1, 1

PESOS      : 4, 5, 2, 1, 2, 3, 7, 4, 9, 6
VALORES    : 2, 6, 9, 9, 6, 1, 1, 9, 1, 4
MAXIMO     : 14
SOLUCION FB: 0, 1, 1, 1, 1, 0, 0, 1, 0, 0
SOLUCION PD: 0, 1, 1, 1, 1, 0, 0, 1, 0, 0
SOLUCION AV: 0, 1, 1, 1, 1, 0, 0, 1, 0, 0

PESOS      : 2, 4, 3, 6, 9, 8, 5, 2, 3, 2
VALORES    : 9, 2, 8, 9, 5, 2, 2, 2, 4, 2
MAXIMO     : 14
SOLUCION FB: 1, 0, 1, 1, 0, 0, 0, 0, 1, 0
SOLUCION PD: 1, 0, 1, 1, 0, 0, 0, 0, 1, 0
SOLUCION AV: 1, 0, 1, 1, 0, 0, 0, 0, 1, 0

PESOS      : 1, 6, 8, 5, 2, 2, 1, 5, 4, 7
VALORES    : 2, 1, 2, 3, 5, 1, 6, 1, 7, 9
MAXIMO     : 10
SOLUCION FB: 1, 0, 0, 0, 1, 1, 1, 0, 1, 0
SOLUCION PD: 1, 0, 0, 0, 1, 1, 1, 0, 1, 0
SOLUCION AV: 1, 0, 0, 0, 1, 1, 1, 0, 1, 0

PESOS      : 6, 7, 8, 1, 3, 1, 3, 8, 2, 2
VALORES    : 1, 1, 2, 8, 4, 2, 6, 9, 5, 5
MAXIMO     : 10
SOLUCION FB: 0, 0, 0, 1, 0, 1, 1, 0, 1, 1
SOLUCION PD: 0, 0, 0, 1, 0, 1, 1, 0, 1, 1
SOLUCION AV: 0, 0, 0, 1, 0, 1, 1, 0, 1, 1

PESOS      : 3, 5, 4, 9, 2, 6, 4, 9, 5, 6
VALORES    : 6, 3, 1, 3, 7, 5, 6, 4, 9, 1
MAXIMO     : 10
SOLUCION FB: 1, 0, 0, 0, 1, 0, 0, 0, 1, 0
SOLUCION PD: 1, 0, 0, 0, 1, 0, 0, 0, 1, 0
SOLUCION AV: 1, 0, 0, 0, 1, 0, 0, 0, 1, 0

PESOS      : 5, 5, 4, 8, 8, 1, 1, 1, 7, 6
VALORES    : 7, 2, 7, 4, 6, 7, 1, 7, 7, 3
MAXIMO     : 9
SOLUCION FB: 0, 0, 1, 0, 0, 1, 1, 1, 0, 0
SOLUCION PD: 1, 0, 0, 0, 0, 1, 1, 1, 0, 0
SOLUCION AV: 0, 0, 1, 0, 0, 1, 1, 1, 0, 0

PESOS      : 5, 9, 10, 6, 12, 12, 9, 3, 14, 1, 14, 2, 2, 13, 11
VALORES    : 13, 14, 10, 6, 2, 4, 13, 6, 13, 2, 4, 8, 11, 1, 6
MAXIMO     : 123
SOLUCION FB: 1, 1, 1, 1, 1, 1, 1, 1, 1, 1, 1, 1, 1, 1, 1
SOLUCION PD: 1, 1, 1, 1, 1, 1, 1, 1, 1, 1, 1, 1, 1, 1, 1
SOLUCION AV: 1, 1, 1, 1, 1, 1, 1, 1, 1, 1, 1, 1, 1, 1, 1

PESOS      : 6, 12, 10, 12, 13, 10, 1, 6, 9, 12, 8, 2, 11, 8, 14
VALORES    : 9, 6, 4, 10, 11, 6, 6, 14, 4, 4, 1, 11, 7, 7, 2
MAXIMO     : 134
SOLUCION FB: 1, 1, 1, 1, 1, 1, 1, 1, 1, 1, 1, 1, 1, 1, 1
SOLUCION PD: 1, 1, 1, 1, 1, 1, 1, 1, 1, 1, 1, 1, 1, 1, 1
SOLUCION AV: 1, 1, 1, 1, 1, 1, 1, 1, 1, 1, 1, 1, 1, 1, 1

PESOS      : 5, 2, 6, 7, 11, 8, 2, 13, 7, 2, 7, 1, 6, 5, 2
VALORES    : 13, 13, 5, 11, 11, 10, 5, 6, 13, 10, 8, 3, 6, 5, 11
MAXIMO     : 42
SOLUCION FB: 1, 1, 0, 1, 0, 1, 1, 0, 1, 1, 0, 1, 1, 0, 1
SOLUCION PD: 1, 1, 0, 1, 0, 1, 1, 0, 1, 1, 0, 1, 1, 0, 1
SOLUCION AV: 1, 1, 0, 1, 0, 1, 1, 0, 1, 1, 0, 1, 1, 0, 1

PESOS      : 6, 7, 11, 2, 13, 11, 7, 3, 4, 13, 11, 4, 4, 8, 4
VALORES    : 3, 12, 5, 14, 5, 9, 8, 1, 6, 6, 1, 1, 10, 1, 13
MAXIMO     : 54
SOLUCION FB: 0, 1, 0, 1, 0, 1, 1, 0, 1, 1, 0, 0, 1, 0, 1
SOLUCION PD: 0, 1, 1, 1, 0, 1, 1, 1, 1, 0, 0, 0, 1, 0, 1
SOLUCION AV: 1, 1, 0, 1, 0, 1, 1, 1, 1, 0, 0, 1, 1, 0, 1

PESOS      : 14, 8, 10, 10, 9, 12, 3, 14, 7, 5, 10, 4, 8, 4, 9
VALORES    : 12, 14, 10, 4, 9, 13, 7, 10, 1, 12, 9, 8, 1, 7, 1
MAXIMO     : 42
SOLUCION FB: 0, 1, 1, 0, 0, 1, 1, 0, 0, 1, 0, 1, 0, 0, 0
SOLUCION PD: 0, 1, 1, 0, 0, 1, 1, 0, 0, 1, 0, 1, 0, 0, 0
SOLUCION AV: 0, 1, 0, 0, 0, 1, 1, 0, 0, 1, 0, 1, 0, 1, 0

PESOS      : 13, 13, 14, 8, 12, 1, 9, 3, 2, 9, 7, 7, 6, 10, 10
VALORES    : 2, 8, 11, 11, 11, 1, 2, 4, 10, 14, 12, 6, 8, 11, 4
MAXIMO     : 41
SOLUCION FB: 0, 0, 0, 1, 0, 1, 0, 1, 1, 1, 1, 0, 0, 1, 0
SOLUCION PD: 0, 0, 0, 1, 0, 1, 0, 1, 1, 1, 1, 0, 0, 1, 0
SOLUCION AV: 0, 0, 0, 1, 0, 1, 0, 1, 1, 1, 1, 0, 1, 0, 0

PESOS      : 12, 11, 10, 7, 4, 13, 14, 14, 2, 13, 9, 4, 14, 3, 8
VALORES    : 2, 11, 12, 10, 7, 3, 2, 1, 8, 10, 10, 10, 6, 7, 1
MAXIMO     : 34
SOLUCION FB: 0, 1, 1, 0, 1, 0, 0, 0, 1, 0, 0, 1, 0, 1, 0
SOLUCION PD: 0, 1, 1, 0, 1, 0, 0, 0, 1, 0, 0, 1, 0, 1, 0
SOLUCION AV: 0, 0, 1, 1, 1, 0, 0, 0, 1, 0, 0, 1, 0, 1, 0

PESOS      : 11, 9, 6, 6, 5, 1, 14, 6, 1, 6, 7, 13, 8, 9, 5
VALORES    : 10, 12, 14, 7, 6, 3, 4, 7, 11, 2, 7, 3, 10, 7, 1
MAXIMO     : 26
SOLUCION FB: 0, 1, 1, 0, 0, 1, 0, 0, 1, 0, 0, 0, 1, 0, 0
SOLUCION PD: 0, 1, 1, 0, 0, 1, 0, 0, 1, 0, 0, 0, 1, 0, 0
SOLUCION AV: 0, 1, 1, 0, 0, 1, 0, 0, 1, 0, 0, 0, 1, 0, 0

PESOS      : 13, 8, 13, 13, 14, 1, 14, 14, 8, 11, 1, 2, 8, 8, 13
VALORES    : 13, 7, 11, 13, 5, 5, 9, 4, 9, 2, 11, 13, 8, 14, 5
MAXIMO     : 28
SOLUCION FB: 0, 0, 0, 0, 0, 1, 0, 0, 1, 0, 1, 1, 1, 1, 0
SOLUCION PD: 0, 0, 0, 0, 0, 1, 0, 0, 1, 0, 1, 1, 1, 1, 0
SOLUCION AV: 0, 0, 0, 0, 0, 1, 0, 0, 1, 0, 1, 1, 1, 1, 0

PESOS      : 14, 12, 7, 3, 12, 9, 2, 9, 7, 7, 1, 8, 5, 3, 6
VALORES    : 4, 11, 4, 13, 12, 6, 12, 8, 14, 13, 8, 4, 4, 7, 10
MAXIMO     : 21
SOLUCION FB: 0, 0, 0, 1, 0, 0, 1, 0, 1, 1, 1, 0, 0, 0, 0
SOLUCION PD: 0, 0, 0, 1, 0, 0, 1, 0, 1, 1, 1, 0, 0, 0, 0
SOLUCION AV: 0, 0, 0, 1, 0, 0, 1, 0, 1, 0, 1, 0, 1, 1, 0

PESOS      : 9, 8, 10, 4, 1, 17, 9, 2, 6, 3, 6, 11, 17, 1, 6, 14, 19, 6, 17, 19
VALORES    : 16, 17, 10, 2, 18, 9, 19, 6, 18, 1, 6, 15, 8, 3, 18, 19, 18, 6, 17, 8
MAXIMO     : 185
SOLUCION FB: 1, 1, 1, 1, 1, 1, 1, 1, 1, 1, 1, 1, 1, 1, 1, 1, 1, 1, 1, 1
SOLUCION PD: 1, 1, 1, 1, 1, 1, 1, 1, 1, 1, 1, 1, 1, 1, 1, 1, 1, 1, 1, 1
SOLUCION AV: 1, 1, 1, 1, 1, 1, 1, 1, 1, 1, 1, 1, 1, 1, 1, 1, 1, 1, 1, 1

PESOS      : 18, 11, 2, 9, 2, 17, 5, 7, 4, 7, 10, 11, 6, 14, 8, 7, 1, 15, 6, 13
VALORES    : 10, 19, 1, 9, 13, 12, 19, 1, 9, 1, 1, 10, 4, 2, 19, 19, 4, 7, 11, 3
MAXIMO     : 173
SOLUCION FB: 1, 1, 1, 1, 1, 1, 1, 1, 1, 1, 1, 1, 1, 1, 1, 1, 1, 1, 1, 1
SOLUCION PD: 1, 1, 1, 1, 1, 1, 1, 1, 1, 1, 1, 1, 1, 1, 1, 1, 1, 1, 1, 1
SOLUCION AV: 1, 1, 1, 1, 1, 1, 1, 1, 1, 1, 1, 1, 1, 1, 1, 1, 1, 1, 1, 1

PESOS      : 18, 3, 4, 3, 12, 16, 15, 18, 9, 15, 8, 16, 4, 15, 8, 2, 9, 11, 8, 5
VALORES    : 5, 1, 14, 2, 13, 14, 10, 9, 18, 16, 14, 18, 10, 2, 1, 6, 7, 12, 18, 6
MAXIMO     : 99
SOLUCION FB: 0, 0, 1, 1, 1, 0, 0, 0, 1, 1, 1, 1, 1, 0, 0, 1, 0, 1, 1, 1
SOLUCION PD: 0, 0, 1, 0, 1, 1, 0, 0, 1, 1, 1, 1, 1, 0, 0, 1, 0, 0, 1, 1
SOLUCION AV: 0, 0, 1, 1, 1, 0, 0, 0, 1, 1, 1, 1, 1, 0, 0, 1, 0, 1, 1, 1

PESOS      : 10, 9, 14, 17, 3, 7, 1, 4, 13, 15, 8, 9, 17, 8, 19, 17, 9, 8, 9, 3
VALORES    : 4, 19, 8, 9, 10, 19, 11, 12, 7, 6, 15, 15, 16, 19, 16, 8, 5, 11, 9, 9
MAXIMO     : 100
SOLUCION FB: 0, 1, 1, 0, 1, 1, 1, 1, 0, 0, 1, 1, 1, 1, 0, 0, 0, 1, 1, 1
SOLUCION PD: 0, 1, 1, 0, 1, 1, 1, 1, 0, 0, 1, 1, 1, 1, 0, 0, 0, 1, 1, 1
SOLUCION AV: 0, 1, 1, 0, 1, 1, 1, 1, 0, 0, 1, 1, 1, 1, 0, 0, 0, 1, 1, 1

PESOS      : 8, 1, 4, 19, 16, 18, 18, 18, 14, 10, 5, 15, 1, 8, 12, 11, 18, 11, 11, 5
VALORES    : 3, 14, 5, 3, 9, 17, 17, 17, 8, 8, 5, 3, 16, 18, 9, 7, 9, 19, 12, 18
MAXIMO     : 74
SOLUCION FB: 0, 1, 1, 0, 0, 1, 0, 0, 0, 1, 1, 0, 1, 1, 0, 0, 0, 1, 1, 1
SOLUCION PD: 0, 1, 1, 0, 0, 1, 0, 0, 0, 1, 1, 0, 1, 1, 0, 0, 0, 1, 1, 1
SOLUCION AV: 0, 1, 1, 0, 0, 1, 0, 0, 0, 1, 1, 0, 1, 1, 0, 0, 0, 1, 1, 1

PESOS      : 9, 12, 18, 2, 13, 15, 1, 5, 4, 18, 13, 11, 15, 13, 3, 13, 13, 4, 16, 1
VALORES    : 16, 9, 6, 4, 10, 9, 11, 17, 7, 1, 9, 7, 18, 2, 16, 14, 9, 19, 15, 10
MAXIMO     : 66
SOLUCION FB: 1, 0, 0, 1, 1, 0, 1, 1, 0, 0, 0, 0, 1, 0, 1, 1, 0, 1, 0, 1
SOLUCION PD: 1, 0, 0, 1, 1, 0, 1, 1, 0, 0, 0, 0, 1, 0, 1, 1, 0, 1, 0, 1
SOLUCION AV: 1, 0, 0, 1, 0, 0, 1, 1, 1, 0, 0, 0, 1, 0, 1, 1, 0, 1, 0, 1

PESOS      : 6, 11, 9, 4, 9, 15, 3, 7, 15, 14, 9, 15, 8, 4, 18, 16, 4, 18, 5, 3
VALORES    : 2, 7, 6, 19, 10, 7, 9, 15, 18, 4, 16, 12, 2, 6, 12, 9, 19, 13, 7, 17
MAXIMO     : 48
SOLUCION FB: 0, 0, 0, 1, 1, 0, 1, 1, 0, 0, 1, 0, 0, 1, 0, 0, 1, 0, 1, 1
SOLUCION PD: 0, 0, 0, 1, 1, 0, 1, 1, 0, 0, 1, 0, 0, 1, 0, 0, 1, 0, 1, 1
SOLUCION AV: 0, 0, 0, 1, 1, 0, 1, 1, 0, 0, 1, 0, 0, 1, 0, 0, 1, 0, 1, 1

PESOS      : 17, 15, 19, 4, 13, 10, 15, 5, 11, 14, 8, 4, 16, 9, 1, 3, 17, 19, 14, 9
VALORES    : 2, 8, 7, 7, 17, 3, 15, 1, 11, 4, 18, 16, 12, 3, 8, 17, 19, 19, 5, 17
MAXIMO     : 55
SOLUCION FB: 0, 0, 0, 0, 1, 0, 0, 0, 0, 0, 1, 1, 0, 0, 1, 1, 1, 0, 0, 1
SOLUCION PD: 0, 0, 0, 0, 1, 0, 0, 0, 0, 0, 1, 1, 0, 0, 1, 1, 1, 0, 0, 1
SOLUCION AV: 0, 0, 0, 1, 1, 0, 0, 0, 1, 0, 1, 1, 0, 0, 1, 1, 0, 0, 0, 1

PESOS      : 14, 4, 15, 19, 9, 13, 17, 10, 9, 16, 18, 12, 12, 4, 10, 1, 18, 13, 7, 1
VALORES    : 15, 16, 17, 15, 2, 12, 1, 18, 17, 18, 1, 19, 1, 16, 16, 1, 16, 7, 3, 2
MAXIMO     : 44
SOLUCION FB: 0, 1, 0, 0, 0, 0, 0, 1, 1, 0, 0, 1, 0, 1, 0, 1, 0, 0, 0, 1
SOLUCION PD: 0, 1, 0, 0, 0, 0, 0, 1, 1, 0, 0, 1, 0, 1, 0, 1, 0, 0, 0, 1
SOLUCION AV: 0, 1, 0, 0, 0, 0, 0, 1, 1, 0, 0, 0, 0, 1, 1, 1, 0, 0, 0, 1

PESOS      : 13, 17, 13, 5, 15, 19, 19, 4, 8, 10, 13, 15, 3, 16, 9, 14, 3, 19, 15, 7
VALORES    : 13, 16, 8, 10, 10, 13, 17, 8, 15, 16, 8, 1, 9, 1, 7, 11, 1, 16, 1, 1
MAXIMO     : 47
SOLUCION FB: 0, 1, 0, 1, 0, 0, 0, 1, 1, 1, 0, 0, 1, 0, 0, 0, 0, 0, 0, 0
SOLUCION PD: 0, 1, 0, 1, 0, 0, 0, 1, 1, 1, 0, 0, 1, 0, 0, 0, 0, 0, 0, 0
SOLUCION AV: 1, 0, 0, 1, 0, 0, 0, 1, 1, 1, 0, 0, 1, 0, 0, 0, 1, 0, 0, 0

PESOS      : 8, 3, 24, 4, 19, 17, 16, 11, 14, 17, 1, 8, 22, 18, 16, 7, 23, 22, 21, 9, 17, 18, 22, 20, 2
VALORES    : 4, 1, 12, 13, 1, 15, 3, 1, 10, 11, 18, 21, 17, 7, 22, 12, 22, 14, 19, 19, 13, 2, 1, 14, 5
MAXIMO     : 359
SOLUCION FB: 1, 1, 1, 1, 1, 1, 1, 1, 1, 1, 1, 1, 1, 1, 1, 1, 1, 1, 1, 1, 1, 1, 1, 1, 1
SOLUCION PD: 1, 1, 1, 1, 1, 1, 1, 1, 1, 1, 1, 1, 1, 1, 1, 1, 1, 1, 1, 1, 1, 1, 1, 1, 1
SOLUCION AV: 1, 1, 1, 1, 1, 1, 1, 1, 1, 1, 1, 1, 1, 1, 1, 1, 1, 1, 1, 1, 1, 1, 1, 1, 1

PESOS      : 15, 24, 4, 1, 21, 10, 7, 8, 19, 5, 18, 20, 12, 7, 20, 5, 20, 7, 5, 17, 18, 17, 13, 18, 18
VALORES    : 10, 6, 15, 22, 11, 7, 23, 10, 7, 7, 1, 21, 7, 12, 23, 14, 8, 19, 7, 6, 9, 21, 18, 11, 2
MAXIMO     : 329
SOLUCION FB: 1, 1, 1, 1, 1, 1, 1, 1, 1, 1, 1, 1, 1, 1, 1, 1, 1, 1, 1, 1, 1, 1, 1, 1, 1
SOLUCION PD: 1, 1, 1, 1, 1, 1, 1, 1, 1, 1, 1, 1, 1, 1, 1, 1, 1, 1, 1, 1, 1, 1, 1, 1, 1
SOLUCION AV: 1, 1, 1, 1, 1, 1, 1, 1, 1, 1, 1, 1, 1, 1, 1, 1, 1, 1, 1, 1, 1, 1, 1, 1, 1

PESOS      : 20, 8, 8, 17, 20, 2, 3, 10, 15, 8, 4, 1, 17, 8, 21, 8, 8, 12, 1, 10, 24, 18, 20, 5, 16
VALORES    : 12, 8, 9, 6, 15, 10, 21, 23, 9, 8, 19, 11, 18, 16, 8, 24, 20, 3, 1, 17, 8, 8, 10, 6, 24
MAXIMO     : 142
SOLUCION FB: 0, 1, 1, 0, 1, 1, 1, 1, 0, 1, 1, 1, 1, 1, 0, 1, 1, 0, 1, 1, 0, 0, 0, 1, 1
SOLUCION PD: 0, 1, 1, 0, 1, 1, 1, 1, 0, 1, 1, 1, 1, 1, 0, 1, 1, 0, 1, 1, 0, 0, 0, 1, 1
SOLUCION AV: 0, 1, 1, 0, 1, 1, 1, 1, 0, 1, 1, 1, 1, 1, 0, 1, 1, 0, 1, 1, 0, 0, 0, 1, 1

PESOS      : 15, 13, 20, 14, 17, 6, 12, 1, 6, 19, 12, 8, 11, 6, 4, 9, 1, 12, 11, 16, 1, 7, 24, 4, 12
VALORES    : 3, 13, 24, 12, 8, 20, 22, 18, 23, 18, 22, 4, 13, 13, 4, 13, 2, 23, 14, 15, 23, 10, 20, 2, 20
MAXIMO     : 130
SOLUCION FB: 0, 0, 1, 0, 0, 1, 1, 1, 1, 0, 1, 0, 1, 1, 1, 1, 0, 1, 1, 0, 1, 1, 0, 0, 1
SOLUCION PD: 0, 0, 1, 0, 0, 1, 1, 1, 1, 0, 1, 0, 1, 1, 1, 1, 0, 1, 1, 0, 1, 1, 0, 0, 1
SOLUCION AV: 0, 0, 1, 0, 0, 1, 1, 1, 1, 0, 1, 0, 1, 1, 0, 1, 1, 1, 1, 0, 1, 1, 0, 0, 1

PESOS      : 4, 3, 15, 9, 24, 19, 8, 2, 4, 21, 1, 21, 19, 1, 19, 21, 10, 19, 1, 7, 20, 6, 9, 22, 8
VALORES    : 7, 17, 24, 22, 14, 14, 24, 6, 8, 24, 7, 2, 4, 13, 23, 17, 16, 20, 12, 10, 15, 7, 24, 22, 4
MAXIMO     : 97
SOLUCION FB: 1, 1, 1, 1, 0, 0, 1, 1, 1, 1, 1, 0, 0, 1, 0, 0, 1, 0, 1, 1, 0, 0, 1, 0, 0
SOLUCION PD: 1, 1, 1, 1, 0, 0, 1, 1, 1, 1, 1, 0, 0, 1, 0, 0, 1, 0, 1, 1, 0, 0, 1, 0, 0
SOLUCION AV: 1, 1, 1, 1, 0, 0, 1, 1, 1, 0, 1, 0, 0, 1, 1, 0, 1, 0, 1, 1, 0, 0, 1, 0, 0

PESOS      : 13, 21, 11, 7, 8, 15, 14, 11, 20, 8, 16, 9, 18, 19, 11, 4, 21, 23, 4, 16, 12, 2, 22, 12, 15
VALORES    : 21, 17, 10, 17, 19, 14, 3, 4, 3, 5, 24, 4, 10, 11, 16, 7, 10, 4, 14, 15, 9, 5, 9, 7, 13
MAXIMO     : 110
SOLUCION FB: 1, 0, 1, 1, 1, 1, 0, 0, 0, 0, 1, 0, 0, 0, 1, 1, 0, 0, 1, 1, 0, 1, 0, 0, 0
SOLUCION PD: 1, 0, 1, 1, 1, 1, 0, 0, 0, 0, 1, 0, 0, 0, 1, 1, 0, 0, 1, 1, 0, 1, 0, 0, 0
SOLUCION AV: 1, 0, 1, 1, 1, 1, 0, 0, 0, 0, 1, 0, 0, 0, 1, 1, 0, 0, 1, 1, 0, 1, 0, 0, 0

PESOS      : 18, 2, 5, 23, 19, 23, 17, 18, 23, 16, 2, 15, 24, 10, 24, 5, 6, 4, 11, 23, 6, 17, 20, 11, 18
VALORES    : 13, 24, 14, 13, 11, 1, 8, 1, 1, 22, 3, 9, 24, 9, 4, 15, 14, 23, 9, 9, 6, 24, 20, 16, 12
MAXIMO     : 90
SOLUCION FB: 0, 1, 1, 0, 0, 0, 0, 0, 0, 1, 0, 0, 1, 0, 0, 1, 1, 1, 0, 0, 0, 1, 0, 1, 0
SOLUCION PD: 0, 1, 1, 0, 0, 0, 0, 0, 0, 1, 0, 0, 1, 0, 0, 1, 1, 1, 0, 0, 0, 1, 0, 1, 0
SOLUCION AV: 0, 1, 1, 0, 0, 0, 0, 0, 0, 1, 1, 0, 0, 0, 0, 1, 1, 1, 0, 0, 0, 1, 1, 1, 0

PESOS      : 8, 20, 3, 1, 23, 22, 22, 6, 20, 7, 20, 18, 16, 17, 11, 23, 15, 8, 14, 12, 20, 18, 13, 2, 4
VALORES    : 12, 6, 3, 23, 22, 14, 9, 13, 9, 24, 24, 3, 10, 15, 5, 12, 19, 18, 19, 18, 24, 4, 8, 10, 7
MAXIMO     : 85
SOLUCION FB: 1, 0, 1, 1, 0, 0, 0, 1, 0, 1, 1, 0, 0, 0, 0, 0, 0, 1, 1, 1, 0, 0, 0, 1, 1
SOLUCION PD: 1, 0, 1, 1, 0, 0, 0, 1, 0, 1, 1, 0, 0, 0, 0, 0, 0, 1, 1, 1, 0, 0, 0, 1, 1
SOLUCION AV: 1, 0, 1, 1, 0, 0, 0, 1, 0, 1, 0, 0, 0, 0, 0, 0, 1, 1, 1, 1, 0, 0, 0, 1, 1

PESOS      : 14, 10, 8, 17, 15, 8, 13, 9, 23, 22, 22, 5, 12, 24, 10, 8, 23, 3, 2, 18, 12, 20, 5, 22, 5
VALORES    : 11, 17, 20, 1, 18, 11, 17, 9, 1, 4, 11, 14, 17, 12, 11, 24, 22, 1, 1, 16, 1, 6, 17, 10, 12
MAXIMO     : 66
SOLUCION FB: 0, 1, 1, 0, 0, 0, 1, 0, 0, 0, 0, 1, 1, 0, 0, 1, 0, 0, 0, 0, 0, 0, 1, 0, 1
SOLUCION PD: 0, 1, 1, 0, 0, 0, 1, 0, 0, 0, 0, 1, 1, 0, 0, 1, 0, 0, 0, 0, 0, 0, 1, 0, 1
SOLUCION AV: 0, 1, 1, 0, 0, 1, 0, 0, 0, 0, 0, 1, 1, 0, 0, 1, 0, 1, 1, 0, 0, 0, 1, 0, 1

PESOS      : 22, 18, 1, 21, 9, 15, 23, 22, 10, 24, 13, 21, 18, 9, 15, 1, 3, 18, 19, 1, 3, 6, 1, 2, 10
VALORES    : 24, 14, 1, 2, 20, 19, 17, 22, 13, 24, 14, 2, 22, 3, 3, 15, 3, 24, 12, 17, 23, 3, 7, 3, 23
MAXIMO     : 61
SOLUCION FB: 0, 0, 1, 0, 1, 1, 0, 0, 0, 0, 0, 0, 0, 0, 0, 1, 0, 1, 0, 1, 1, 0, 1, 1, 1
SOLUCION PD: 0, 0, 1, 0, 1, 1, 0, 0, 0, 0, 0, 0, 0, 0, 0, 1, 0, 1, 0, 1, 1, 0, 1, 1, 1
SOLUCION AV: 0, 0, 1, 0, 1, 0, 0, 0, 1, 0, 0, 0, 0, 0, 0, 1, 1, 1, 0, 1, 1, 0, 1, 1, 1

